dinucleotide	FJL_H1	FJL_H2	FJL_H3	FJL_H4	FJL_H5	FJL_H7	FJL_H8	FJL_H9	FJL_H10	Rain_Forest	Peat_Soil_3	Peat_Soil_2	Peat_Soil_1	Arctic_4	Arctic_3	Arctic_2	Grassland_3	Grassland_1	Grassland_2	Saline_Desert_2	Saline_Desert_1	Saline_Desert_5	Saline_Desert_6	Saline_Desert_4	Saline_Desert_3
AA	0.079178455	0.069389825	0.056792734	0.054639092	0.078228882	0.053885582	0.046340632	0.055416661	0.05032155	0.046066928	0.041435494	0.042732771	0.048784868	0.064493879	0.065941738	0.068220391	0.049703042	0.048674458	0.048783819	0.065976519	0.063253665	0.07034952	0.044226171	0.057204653	0.04310497
AC	0.054337525	0.052657167	0.053112055	0.052910381	0.05410468	0.053329154	0.052760008	0.051348482	0.051450601	0.051726407	0.053847969	0.053183502	0.05308485	0.050284557	0.049966482	0.050158902	0.051586555	0.051533011	0.051627249	0.053483378	0.052163608	0.056680494	0.055367832	0.053775006	0.056241292
AG	0.055542459	0.05352495	0.052518483	0.051432833	0.055439762	0.053453844	0.050826286	0.05133075	0.050558362	0.053789451	0.050803595	0.051365264	0.05223636	0.052197258	0.053306986	0.05278749	0.052689512	0.052622077	0.052716382	0.054221445	0.053576212	0.056402597	0.054368455	0.05395698	0.055062792
AT	0.068381346	0.06132416	0.053801585	0.051866297	0.067551235	0.052021858	0.046064519	0.052429543	0.049009659	0.048122931	0.042789104	0.045141314	0.049070632	0.061570794	0.062957201	0.064178357	0.048971686	0.04841819	0.048479765	0.056150119	0.05814194	0.061019803	0.046317266	0.053154389	0.043474097
CA	0.067034252	0.063403244	0.061352392	0.060138108	0.066638385	0.060242794	0.057559926	0.059937066	0.058152959	0.060791488	0.05875903	0.057586075	0.058698529	0.061701766	0.062068814	0.062256718	0.060487611	0.060186906	0.060304025	0.060975828	0.061209126	0.058366749	0.05385559	0.0555694	0.05291061
CC	0.057666866	0.064140324	0.070710209	0.072319033	0.058402021	0.07156662	0.07992219	0.074345661	0.077145982	0.07435294	0.079453026	0.081204915	0.080026462	0.070428176	0.069829787	0.068658197	0.074226347	0.074845443	0.074866325	0.074222443	0.072034906	0.063316333	0.084773835	0.076069577	0.08399835
CG	0.060133479	0.079343819	0.09622028	0.102230161	0.061823941	0.098533645	0.113570988	0.101802278	0.11065033	0.109675394	0.120493215	0.115831733	0.104352574	0.084498832	0.080060441	0.077881182	0.108351094	0.109394409	0.108910987	0.084635614	0.08609832	0.076375994	0.102471021	0.092572472	0.106762302
CT	0.055720866	0.053946112	0.052986083	0.051898878	0.055759328	0.052848656	0.051603023	0.052173345	0.051384248	0.053112645	0.051083014	0.051304194	0.052558431	0.053060953	0.053946122	0.053844514	0.052638492	0.052785787	0.052835401	0.054247362	0.054288249	0.055573666	0.055143199	0.054330242	0.054801809
GA	0.063305823	0.063753085	0.066885681	0.067149403	0.063005554	0.066771591	0.067357849	0.065022893	0.066477221	0.069947724	0.068809421	0.069691883	0.068652159	0.065091789	0.065475	0.064614162	0.068281664	0.06822167	0.068201242	0.068934229	0.067236501	0.071650771	0.075638325	0.07138689	0.076335135
GC	0.066079125	0.080916304	0.091422688	0.094916804	0.067723009	0.092719534	0.102388736	0.096993898	0.101933564	0.102444403	0.107334839	0.10185218	0.093431511	0.082903153	0.079848422	0.077889445	0.101476897	0.102320576	0.101960747	0.07711912	0.080054916	0.062291101	0.078603659	0.075611474	0.080996732
GG	0.057013953	0.063362355	0.069867578	0.071467945	0.057805057	0.072030493	0.077185126	0.071549984	0.074460801	0.075321116	0.079670548	0.081438762	0.07973414	0.069938743	0.069668815	0.068224198	0.074493429	0.074941544	0.075146281	0.072544513	0.069150907	0.063564313	0.085029464	0.076029441	0.084833313
GT	0.053741266	0.052185402	0.052558789	0.052525858	0.053552938	0.053409046	0.05282911	0.05136944	0.051478525	0.052036884	0.053675597	0.053345894	0.053065685	0.050556437	0.050145813	0.050425929	0.051631692	0.051712556	0.051694913	0.051342127	0.051248502	0.05657299	0.05626605	0.054185883	0.056724385
TA	0.047753347	0.040243999	0.031075188	0.028834872	0.047333413	0.031483001	0.024562656	0.030010071	0.026231948	0.022750439	0.019751509	0.022294654	0.026819589	0.037122205	0.038608359	0.040080975	0.024283707	0.023968671	0.024106913	0.034431857	0.035798884	0.044522681	0.026903983	0.034357921	0.025996009
TC	0.063188133	0.063884807	0.066902279	0.067316514	0.063072522	0.066480466	0.068122077	0.065937973	0.067301222	0.069350914	0.069349259	0.069858281	0.069254528	0.066113394	0.066245887	0.065926905	0.068556566	0.068654229	0.068622574	0.067761732	0.068135306	0.070137527	0.076192924	0.071605687	0.075546725
TG	0.066347147	0.06284352	0.060892229	0.059715268	0.065945466	0.059673309	0.057575396	0.059822422	0.058061513	0.061117295	0.058221151	0.057419504	0.058351901	0.061651662	0.061952341	0.062150093	0.060231599	0.060108364	0.060097184	0.05944204	0.059508313	0.058223594	0.054230427	0.055618802	0.053307391
TT	0.078085688	0.068494271	0.056000909	0.05394645	0.077257483	0.053352297	0.047093958	0.056471145	0.051168453	0.046986909	0.04172096	0.042960289	0.049089323	0.065644515	0.067038138	0.069837328	0.049857109	0.049047986	0.049039541	0.058616647	0.061640592	0.06875769	0.04489049	0.056043206	0.041990191
